              -2           1.792         2.16832           1.792          1.9712    7.90505e-323               0
           -1.96         1.72104         2.09019         1.75616         1.93536    7.90505e-323               0
           -1.92         1.65151         2.01349         1.72032         1.89952    7.90505e-323               0
           -1.88         1.58341         1.93823         1.68448         1.86368    7.90505e-323               0
           -1.84         1.51675          1.8644         1.64864         1.82784    7.90505e-323               0
            -1.8         1.45152           1.792          1.6128           1.792    7.90505e-323               0
           -1.76         1.38772         1.72104         1.57696         1.75616    7.90505e-323               0
           -1.72         1.32536         1.65151         1.54112         1.72032    7.90505e-323               0
           -1.68         1.26444         1.58341         1.50528         1.68448    7.90505e-323               0
           -1.64         1.20494         1.51675         1.46944         1.64864    7.90505e-323               0
            -1.6         1.14688         1.45152          1.4336          1.6128    7.90505e-323               0
           -1.56         1.09025         1.38772         1.39776         1.57696    7.90505e-323               0
           -1.52         1.03506         1.32536         1.36192         1.54112    7.90505e-323               0
           -1.48        0.981299         1.26444         1.32608         1.50528    7.90505e-323               0
           -1.44        0.928973         1.20494         1.29024         1.46944    7.90505e-323               0
            -1.4         0.87808         1.14688          1.2544          1.4336    7.90505e-323               0
           -1.36        0.828621         1.09025         1.21856         1.39776    7.90505e-323               0
           -1.32        0.780595         1.03506         1.18272         1.36192    7.90505e-323               0
           -1.28        0.734003        0.981299         1.14688         1.32608    7.90505e-323               0
           -1.24        0.688845        0.928973         1.11104         1.29024    7.90505e-323               0
            -1.2         0.64512         0.87808          1.0752          1.2544    7.90505e-323               0
           -1.16        0.602829        0.828621         1.03936         1.21856    7.90505e-323               0
           -1.12        0.561971        0.780595         1.00352         1.18272    7.90505e-323               0
           -1.08        0.522547        0.734003         0.96768         1.14688    7.90505e-323               0
           -1.04        0.484557        0.688845         0.93184         1.11104    7.90505e-323               0
              -1           0.448         0.64512           0.896          1.0752    7.90505e-323               0
           -0.96        0.412877        0.602829         0.86016         1.03936    7.90505e-323               0
           -0.92        0.379187        0.561971         0.82432         1.00352    7.90505e-323               0
           -0.88        0.346931        0.522547         0.78848         0.96768    7.90505e-323               0
           -0.84        0.316109        0.484557         0.75264         0.93184    7.90505e-323               0
            -0.8         0.28672           0.448          0.7168           0.896    7.90505e-323               0
           -0.76        0.258765        0.412877         0.68096         0.86016    7.90505e-323               0
           -0.72        0.232243        0.379187         0.64512         0.82432    7.90505e-323               0
           -0.68        0.207155        0.346931         0.60928         0.78848    7.90505e-323               0
           -0.64        0.183501        0.316109         0.57344         0.75264    7.90505e-323               0
            -0.6         0.16128         0.28672          0.5376          0.7168    7.90505e-323               0
           -0.56        0.140493        0.258765         0.50176         0.68096    7.90505e-323               0
           -0.52        0.121139        0.232243         0.46592         0.64512    7.90505e-323               0
           -0.48        0.103219        0.207155         0.43008         0.60928    7.90505e-323               0
           -0.44       0.0867328        0.183501         0.39424         0.57344    7.90505e-323               0
            -0.4         0.07168         0.16128          0.3584          0.5376    7.90505e-323               0
           -0.36       0.0580608        0.140493         0.32256         0.50176    7.90505e-323               0
           -0.32       0.0458752        0.121139         0.28672         0.46592    7.90505e-323               0
           -0.28       0.0351232        0.103219         0.25088         0.43008    7.90505e-323               0
           -0.24       0.0258048       0.0867328         0.21504         0.39424    7.90505e-323               0
            -0.2         0.01792         0.07168          0.1792          0.3584    7.90505e-323               0
           -0.16       0.0114688       0.0580608         0.14336         0.32256    7.90505e-323               0
           -0.12       0.0064512       0.0458752         0.10752         0.28672    7.90505e-323               0
           -0.08       0.0028672       0.0351232         0.07168         0.25088    7.90505e-323               0
           -0.04       0.0007168       0.0258048         0.03584         0.21504    7.90505e-323               0
               0               0         0.01792              -0          0.1792    7.90505e-323               0
            0.04       0.0007168       0.0114688        -0.03584         0.14336    7.90505e-323               0
            0.08       0.0028672       0.0064512        -0.07168         0.10752    7.90505e-323               0
            0.12       0.0064512       0.0028672        -0.10752         0.07168    7.90505e-323               0
            0.16       0.0114688       0.0007168        -0.14336         0.03584    7.90505e-323               0
             0.2         0.01792     1.24246e-32         -0.1792    -1.49214e-16    7.90505e-323               0
            0.24       0.0258048       0.0007168        -0.21504        -0.03584    7.90505e-323               0
            0.28       0.0351232       0.0028672        -0.25088        -0.07168    7.90505e-323               0
            0.32       0.0458752       0.0064512        -0.28672        -0.10752    7.90505e-323               0
            0.36       0.0580608       0.0114688        -0.32256        -0.14336    7.90505e-323               0
             0.4         0.07168         0.01792         -0.3584         -0.1792    7.90505e-323               0
            0.44       0.0867328       0.0258048        -0.39424        -0.21504    7.90505e-323               0
            0.48        0.103219       0.0351232        -0.43008        -0.25088    7.90505e-323               0
            0.52        0.121139       0.0458752        -0.46592        -0.28672    7.90505e-323               0
            0.56        0.140493       0.0580608        -0.50176        -0.32256    7.90505e-323               0
             0.6         0.16128         0.07168         -0.5376         -0.3584    7.90505e-323               0
            0.64        0.183501       0.0867328        -0.57344        -0.39424    7.90505e-323               0
            0.68        0.207155        0.103219        -0.60928        -0.43008    7.90505e-323               0
            0.72        0.232243        0.121139        -0.64512        -0.46592    7.90505e-323               0
            0.76        0.258765        0.140493        -0.68096        -0.50176    7.90505e-323               0
             0.8         0.28672         0.16128         -0.7168         -0.5376    7.90505e-323               0
            0.84        0.316109        0.183501        -0.75264        -0.57344    7.90505e-323               0
            0.88        0.346931        0.207155        -0.78848        -0.60928    7.90505e-323               0
            0.92        0.379187        0.232243        -0.82432        -0.64512    7.90505e-323               0
            0.96        0.412877        0.258765        -0.86016        -0.68096    7.90505e-323               0
               1           0.448         0.28672          -0.896         -0.7168    7.90505e-323               0
            1.04        0.484557        0.316109        -0.93184        -0.75264    7.90505e-323               0
            1.08        0.522547        0.346931        -0.96768        -0.78848    7.90505e-323               0
            1.12        0.561971        0.379187        -1.00352        -0.82432    7.90505e-323               0
            1.16        0.602829        0.412877        -1.03936        -0.86016    7.90505e-323               0
             1.2         0.64512           0.448         -1.0752          -0.896    7.90505e-323               0
            1.24        0.688845        0.484557        -1.11104        -0.93184    7.90505e-323               0
            1.28        0.734003        0.522547        -1.14688        -0.96768    7.90505e-323               0
            1.32        0.780595        0.561971        -1.18272        -1.00352    7.90505e-323               0
            1.36        0.828621        0.602829        -1.21856        -1.03936    7.90505e-323               0
             1.4         0.87808         0.64512         -1.2544         -1.0752    7.90505e-323               0
            1.44        0.928973        0.688845        -1.29024        -1.11104    7.90505e-323               0
            1.48        0.981299        0.734003        -1.32608        -1.14688    7.90505e-323               0
            1.52         1.03506        0.780595        -1.36192        -1.18272    7.90505e-323               0
            1.56         1.09025        0.828621        -1.39776        -1.21856    7.90505e-323               0
             1.6         1.14688         0.87808         -1.4336         -1.2544    7.90505e-323               0
            1.64         1.20494        0.928973        -1.46944        -1.29024    7.90505e-323               0
            1.68         1.26444        0.981299        -1.50528        -1.32608    7.90505e-323               0
            1.72         1.32536         1.03506        -1.54112        -1.36192    7.90505e-323               0
            1.76         1.38772         1.09025        -1.57696        -1.39776    7.90505e-323               0
             1.8         1.45152         1.14688         -1.6128         -1.4336    7.90505e-323               0
            1.84         1.51675         1.20494        -1.64864        -1.46944    7.90505e-323               0
            1.88         1.58341         1.26444        -1.68448        -1.50528    7.90505e-323               0
            1.92         1.65151         1.32536        -1.72032        -1.54112    7.90505e-323               0
            1.96         1.72104         1.38772        -1.75616        -1.57696    7.90505e-323               0
